rumen : (0.56098696648721968, 0.037682186497172525)
filtered : (0.67655579737798133, 0.097130202536103938)
gpigfecal : (0.15674018308756352, 0.021303337094552302)
human : (0.61353927357687832, 0.11797808672311677)
