rumen : (0.074350605978206363, 0.015339479815349867)
filtered : (0.224140827027593, 0.090995852961512289)
cowrumen : (0.025342301232090608, 0.0031820706302615864)
gpigfecal : (0.037189487458815625, 0.015610710761141441)
human : (0.26936412296020729, 0.1689764696662209)
