Parameters
metagenome:	/workdir/dcd97/FMTchrons/SRR3582176/SRR3582176_1.fastq,/workdir/dcd97/FMTchrons/SRR3582176/SRR3582176_2.fastq
reads_sampled:	2000000
trimmed_length:	100
min_quality:	-5
mean_quality:	-5
filter_dups:	False
max_unknown:	100

Results
average_genome_size:	5289152.24616
total_bases:	5823296484
genome_equivilants:	1100.98862974
