Parameters
metagenome:	/workdir/dcd97/FMTchrons/SRR3582156/SRR3582156_1.fastq,/workdir/dcd97/FMTchrons/SRR3582156/SRR3582156_2.fastq
reads_sampled:	2000000
trimmed_length:	100
min_quality:	-5
mean_quality:	-5
filter_dups:	False
max_unknown:	100

Results
average_genome_size:	4793110.78783
total_bases:	4316684043
genome_equivilants:	900.601766594
