Parameters
metagenome:	/workdir/dcd97/FMTchrons/SRR3582158/SRR3582158_1.fastq,/workdir/dcd97/FMTchrons/SRR3582158/SRR3582158_2.fastq
reads_sampled:	2000000
trimmed_length:	100
min_quality:	-5
mean_quality:	-5
filter_dups:	False
max_unknown:	100

Results
average_genome_size:	4324684.39276
total_bases:	5901317171
genome_equivilants:	1364.56597408
