Parameters
metagenome:	/workdir/dcd97/FMTchrons/SRR3582143/SRR3582143_1.fastq,/workdir/dcd97/FMTchrons/SRR3582143/SRR3582143_2.fastq
reads_sampled:	2000000
trimmed_length:	100
min_quality:	-5
mean_quality:	-5
filter_dups:	False
max_unknown:	100

Results
average_genome_size:	4802589.18302
total_bases:	4135449870
genome_equivilants:	861.087574307
