Parameters
metagenome:	/workdir/dcd97/FMTchrons/SRR3582165/SRR3582165_1.fastq,/workdir/dcd97/FMTchrons/SRR3582165/SRR3582165_2.fastq
reads_sampled:	2000000
trimmed_length:	100
min_quality:	-5
mean_quality:	-5
filter_dups:	False
max_unknown:	100

Results
average_genome_size:	3393181.82716
total_bases:	6268523383
genome_equivilants:	1847.38799814
