Parameters
metagenome:	/workdir/dcd97/FMTchrons/SRR3582137/SRR3582137_1.fastq,/workdir/dcd97/FMTchrons/SRR3582137/SRR3582137_2.fastq
reads_sampled:	2000000
trimmed_length:	100
min_quality:	-5
mean_quality:	-5
filter_dups:	False
max_unknown:	100

Results
average_genome_size:	4570604.39537
total_bases:	3311962902
genome_equivilants:	724.62252593
