Parameters
metagenome:	/workdir/dcd97/FMTchrons/SRR3582140/SRR3582140_1.fastq,/workdir/dcd97/FMTchrons/SRR3582140/SRR3582140_2.fastq
reads_sampled:	2000000
trimmed_length:	100
min_quality:	-5
mean_quality:	-5
filter_dups:	False
max_unknown:	100

Results
average_genome_size:	4441103.72271
total_bases:	4019136738
genome_equivilants:	904.986009998
