Parameters
metagenome:	/workdir/dcd97/FMTchrons/SRR3582167/SRR3582167_1.fastq,/workdir/dcd97/FMTchrons/SRR3582167/SRR3582167_2.fastq
reads_sampled:	2000000
trimmed_length:	100
min_quality:	-5
mean_quality:	-5
filter_dups:	False
max_unknown:	100

Results
average_genome_size:	6859684.91913
total_bases:	3232411512
genome_equivilants:	471.218656558
