Parameters
metagenome:	/workdir/dcd97/FMTchrons/SRR3582136/SRR3582136_1.fastq,/workdir/dcd97/FMTchrons/SRR3582136/SRR3582136_2.fastq
reads_sampled:	2000000
trimmed_length:	100
min_quality:	-5
mean_quality:	-5
filter_dups:	False
max_unknown:	100

Results
average_genome_size:	4063639.05418
total_bases:	5340787103
genome_equivilants:	1314.28678379
