Parameters
metagenome:	/workdir/dcd97/FMTchrons/SRR3582178/SRR3582178_1.fastq,/workdir/dcd97/FMTchrons/SRR3582178/SRR3582178_2.fastq
reads_sampled:	2000000
trimmed_length:	100
min_quality:	-5
mean_quality:	-5
filter_dups:	False
max_unknown:	100

Results
average_genome_size:	3974652.67895
total_bases:	3705757580
genome_equivilants:	932.347522998
