Parameters
metagenome:	/workdir/dcd97/FMTchrons/SRR3582141/SRR3582141_1.fastq,/workdir/dcd97/FMTchrons/SRR3582141/SRR3582141_2.fastq
reads_sampled:	2000000
trimmed_length:	100
min_quality:	-5
mean_quality:	-5
filter_dups:	False
max_unknown:	100

Results
average_genome_size:	4245590.69828
total_bases:	4529877969
genome_equivilants:	1066.96059298
