Parameters
metagenome:	/workdir/dcd97/FMTchrons/SRR3582150/SRR3582150_1.fastq,/workdir/dcd97/FMTchrons/SRR3582150/SRR3582150_2.fastq
reads_sampled:	2000000
trimmed_length:	100
min_quality:	-5
mean_quality:	-5
filter_dups:	False
max_unknown:	100

Results
average_genome_size:	4938854.48315
total_bases:	7146753004
genome_equivilants:	1447.04668428
