Parameters
metagenome:	/workdir/dcd97/FMTchrons/SRR3582151/SRR3582151_1.fastq,/workdir/dcd97/FMTchrons/SRR3582151/SRR3582151_2.fastq
reads_sampled:	2000000
trimmed_length:	100
min_quality:	-5
mean_quality:	-5
filter_dups:	False
max_unknown:	100

Results
average_genome_size:	4880887.22855
total_bases:	5068959936
genome_equivilants:	1038.53248367
