Parameters
metagenome:	/workdir/dcd97/FMTchrons/SRR3582168/SRR3582168_1.fastq,/workdir/dcd97/FMTchrons/SRR3582168/SRR3582168_2.fastq
reads_sampled:	2000000
trimmed_length:	100
min_quality:	-5
mean_quality:	-5
filter_dups:	False
max_unknown:	100

Results
average_genome_size:	4270869.75502
total_bases:	6570609655
genome_equivilants:	1538.47109181
