Parameters
metagenome:	/workdir/dcd97/FMTchrons/SRR3582177/SRR3582177_1.fastq,/workdir/dcd97/FMTchrons/SRR3582177/SRR3582177_2.fastq
reads_sampled:	2000000
trimmed_length:	100
min_quality:	-5
mean_quality:	-5
filter_dups:	False
max_unknown:	100

Results
average_genome_size:	4389176.31582
total_bases:	9577955373
genome_equivilants:	2182.17603573
