Parameters
metagenome:	/workdir/dcd97/FMTchrons/SRR3582153/SRR3582153_1.fastq,/workdir/dcd97/FMTchrons/SRR3582153/SRR3582153_2.fastq
reads_sampled:	2000000
trimmed_length:	100
min_quality:	-5
mean_quality:	-5
filter_dups:	False
max_unknown:	100

Results
average_genome_size:	5158258.98492
total_bases:	7377601816
genome_equivilants:	1430.25036889
