Parameters
metagenome:	/workdir/dcd97/FMTchrons/SRR3582169/SRR3582169_1.fastq,/workdir/dcd97/FMTchrons/SRR3582169/SRR3582169_2.fastq
reads_sampled:	2000000
trimmed_length:	100
min_quality:	-5
mean_quality:	-5
filter_dups:	False
max_unknown:	100

Results
average_genome_size:	3955719.30851
total_bases:	5247555240
genome_equivilants:	1326.5742159
