Parameters
metagenome:	/workdir/dcd97/FMTchrons/SRR3582144/SRR3582144_1.fastq,/workdir/dcd97/FMTchrons/SRR3582144/SRR3582144_2.fastq
reads_sampled:	2000000
trimmed_length:	100
min_quality:	-5
mean_quality:	-5
filter_dups:	False
max_unknown:	100

Results
average_genome_size:	4561797.32592
total_bases:	5124178329
genome_equivilants:	1123.28057625
