Parameters
metagenome:	/workdir/dcd97/FMTchrons/SRR3582160/SRR3582160_1.fastq,/workdir/dcd97/FMTchrons/SRR3582160/SRR3582160_2.fastq
reads_sampled:	2000000
trimmed_length:	100
min_quality:	-5
mean_quality:	-5
filter_dups:	False
max_unknown:	100

Results
average_genome_size:	4411983.58322
total_bases:	7218679148
genome_equivilants:	1636.15276708
