Parameters
metagenome:	/workdir/dcd97/FMTchrons/SRR3582181/SRR3582181_1.fastq,/workdir/dcd97/FMTchrons/SRR3582181/SRR3582181_2.fastq
reads_sampled:	2000000
trimmed_length:	100
min_quality:	-5
mean_quality:	-5
filter_dups:	False
max_unknown:	100

Results
average_genome_size:	3461523.82998
total_bases:	7401519017
genome_equivilants:	2138.22564297
