Parameters
metagenome:	/workdir/dcd97/FMTchrons/SRR3582146/SRR3582146_1.fastq,/workdir/dcd97/FMTchrons/SRR3582146/SRR3582146_2.fastq
reads_sampled:	2000000
trimmed_length:	100
min_quality:	-5
mean_quality:	-5
filter_dups:	False
max_unknown:	100

Results
average_genome_size:	3516365.41503
total_bases:	3254997973
genome_equivilants:	925.67113733
