Parameters
metagenome:	/workdir/dcd97/FMTchrons/SRR3582175/SRR3582175_1.fastq,/workdir/dcd97/FMTchrons/SRR3582175/SRR3582175_2.fastq
reads_sampled:	2000000
trimmed_length:	100
min_quality:	-5
mean_quality:	-5
filter_dups:	False
max_unknown:	100

Results
average_genome_size:	6759145.83473
total_bases:	2925729549
genome_equivilants:	432.854922876
