Parameters
metagenome:	/workdir/dcd97/FMTchrons/SRR3582170/SRR3582170_1.fastq,/workdir/dcd97/FMTchrons/SRR3582170/SRR3582170_2.fastq
reads_sampled:	2000000
trimmed_length:	100
min_quality:	-5
mean_quality:	-5
filter_dups:	False
max_unknown:	100

Results
average_genome_size:	4149919.40815
total_bases:	2948603072
genome_equivilants:	710.520562449
